100 200
1 2 81
1 3 34
1 4 4
2 5 47
1 6 3
1 7 24
2 8 45
2 9 57
9 10 58
7 11 68
10 12 8
2 13 26
9 14 32
1 15 32
9 16 96
1 17 58
8 18 23
8 19 40
19 20 81
10 21 100
7 22 80
17 23 5
6 24 47
21 25 33
12 26 54
1 27 66
23 28 46
23 29 63
14 30 57
15 31 43
2 32 60
32 33 31
33 34 34
20 35 96
34 36 91
26 37 32
4 38 57
4 39 7
5 40 45
10 41 50
18 42 12
16 43 69
43 44 39
28 45 3
30 46 22
43 47 84
36 48 23
6 49 3
41 50 64
37 51 81
51 52 5
16 53 22
12 54 5
7 55 44
42 56 94
46 57 80
50 58 56
19 59 46
29 60 60
43 61 40
40 62 29
39 63 7
26 64 94
26 65 12
5 66 11
10 67 55
40 68 95
20 69 80
46 70 53
22 71 4
48 72 59
70 73 29
68 74 65
58 75 44
12 76 83
5 77 96
2 78 31
15 79 40
27 80 86
56 81 26
79 82 32
35 83 52
75 84 39
56 85 41
50 86 79
42 87 57
7 88 2
3 89 26
84 90 68
6 91 88
46 92 85
54 93 23
47 94 34
68 95 92
58 96 16
74 97 40
87 98 32
59 99 88
74 100 14
26 72 29
17 92 48
82 91 21
32 36 49
94 83 66
49 13 100
97 97 67
48 90 2
28 78 41
72 14 55
60 5 86
64 23 53
28 2 43
98 64 33
82 45 53
9 44 57
40 32 48
34 91 70
55 67 82
90 20 65
86 24 60
97 15 39
4 26 65
22 6 96
35 45 11
46 39 26
29 98 4
56 22 10
71 2 55
36 87 57
4 43 53
78 70 46
49 28 50
89 54 63
28 12 16
95 48 72
34 61 58
34 55 43
77 63 57
39 82 86
27 32 32
39 83 40
3 62 51
5 72 62
36 78 26
6 7 89
17 63 35
40 47 57
98 7 16
50 91 6
97 13 73
97 79 17
61 79 52
92 19 55
60 76 66
25 6 26
10 77 21
93 76 31
7 47 16
25 40 40
55 73 52
2 86 1
90 61 61
92 47 71
78 30 85
49 22 90
32 100 64
60 80 34
65 35 62
49 93 77
37 87 9
78 57 45
15 22 54
31 25 81
10 59 67
34 57 73
51 63 61
86 27 96
75 54 30
39 27 93
39 24 83
61 16 62
24 93 100
68 60 50
54 47 42
27 26 19
62 37 41
66 71 91
32 30 47
94 18 22
31 58 18
60 70 68
19 3 93
98 96 87
39 7 79
52 75 18
86 37 33
7 7 54
84 10 65
20 86 65
33 10 85
85 30
